1571336974 1
1571339549 10
1571339649 14
1571339739 14
1572601756 346921
1574164972 346926
1574175414 347128
1574178971 347133
1574183683 347268
1574184927 347338
1574198999 347375
1574238606 347375
1574247154 347608
1574248493 347729
1574252498 347757
1574260186 347763
1574261645 347753
1574262079 347759
1574282957 347901
1574283558 347940
1574322350 348059
1574322782 348093
1574326147 348062
1574327794 348070
1574350074 348100
1574354787 348123
1574358250 348157
1574358985 348157
1574359847 348158
1574424769 348292
1574426677 348058
1574426952 348372
1574433546 348394
1574437439 348402
1574500604 348217
1574501248 348224
1574515665 348201
1574521989 348217
1574522805 348371
1574529597 348396
1574530271 348447
1574541018 348541
1574542352 348514
1574692571 348595
1574692982 348595
1574693047 348594
1574693266 348594
1574693409 348594
1574699023 348607
1574703492 348680
1574704035 348684
1574740652 348847
1574748014 348847
